000101111100 00000 000 00010 0010011
00000000000000010000 01000 0110111
000000000000 01000 000 01000 0010011
000000010101 00000 000 10010 0010011
000000000001 00000 000 10011 0010011
000000010011 10010 100 00101 0110011
000000000101 00000 000 01001 0110011
111111111000 00010 000 00010 0010011
0000000 00001 00010 010 00100 0100011
0 0000000100 0 00000000 00001 1100111
0 000000 00000 00000 000 0000 0 1100011
111111111100 00010 000 00010 0010011
0000000 00001 00010 010 00000 0100011
0000000 01001 01000 010 00000 0100011
000000000000 00010 010 00001 0000011
000000000100 00010 000 00010 0010011
